Ptid	Gene1	Gene2	Gene3	Gene4	Gene5
PT642	2.472474098	2.480070114	2.626844883	2.863323927	2.671463013
PT324	2.472474098	2.480070114	2.626844883	2.863323927	7.45689
PT100	2.472474098	2.480070114	2.626844883	2.863323927	2.671463013
PT193	2.501315117	4.105865002	5.363946915	2.645134926	2.757236958
PT395	2.546153069	2.604584932	2.300358057	2.313220024	2.249108076
PT429	2.564178944	3.04293108	2.619009018	2.94482708	2.498044014
PT600	2.566576958	2.611427069	2.640130997	2.725895882	2.4224751
PT485	2.572648048	2.491492033	2.47283411	2.576509953	2.497987032
PT125	2.622082949	2.825782061	2.833492041	2.626092911	3.204869986
PT54	2.632937908	2.818478107	3.030719995	2.67732501	6.673874855
PT527	2.667531013	2.956593037	7.341869831	2.935133934	2.787143946
PT322	2.667531013	2.956593037	7.341869831	2.935133934	2.787143946
PT118	2.667531013	2.956593037	7.341869831	2.935133934	2.787143946
PT181	2.695692062	3.012118101	2.853126049	3.058079004	3.020804882
PT359	2.698545933	2.937717915	2.486076117	2.661961079	2.702641964
PT481	2.702713966	2.844289064	3.937438011	2.891588926	2.640921116
PT548	2.71964407	2.58427906	2.360722065	2.673340082	3.577737093
PT464	2.71964407	2.58427906	2.360722065	2.673340082	3.577737093
PT431	2.71964407	2.58427906	2.360722065	2.673340082	3.577737093
PT441	2.732650995	2.544650078	2.779234886	2.752434015	2.494839907
PT98	2.74634409	2.539501905	2.939426899	2.754245996	2.475874901
PT78	2.74634409	2.539501905	2.939426899	2.754245996	2.475874901
PT70	2.74634409	2.539501905	2.939426899	2.754245996	2.475874901
PT63	2.74634409	2.539501905	2.939426899	2.754245996	2.475874901
PT615	2.74634409	2.539501905	2.939426899	2.754245996	2.475874901
PT586	2.74634409	2.539501905	2.939426899	2.754245996	2.475874901
PT538	2.74634409	2.539501905	2.939426899	2.754245996	2.475874901
PT488	2.74634409	2.539501905	2.939426899	2.754245996	2.475874901
PT404	2.74634409	2.539501905	2.939426899	2.754245996	2.475874901
PT195	2.74634409	2.539501905	2.939426899	2.754245996	2.475874901
PT187	2.74634409	2.539501905	2.939426899	2.754245996	2.475874901
PT130	2.74634409	2.539501905	2.939426899	2.754245996	2.475874901
PT102	2.74634409	2.539501905	2.939426899	2.754245996	2.475874901
PT52	2.782197952	2.85968709	2.795351982	3.107136011	2.887505054
PT560	2.796931982	2.990596056	3.059137106	2.777451038	2.685291052
PT343	2.826756001	2.87887311	3.332180977	2.683876991	3.976289988
PT475	2.848371983	2.837548018	2.857633114	2.938496113	2.985411882
PT520	2.863360882	2.862550974	6.550020218	3.400368929	3.227229118
PT535	2.870682955	2.418869019	2.459115982	2.679948092	2.620114088
PT659	2.892935991	2.954489946	2.68849802	2.700638056	6.789954185
PT64	2.892935991	2.954489946	2.68849802	2.700638056	6.789954185
PT6	2.892935991	2.954489946	2.68849802	2.700638056	6.789954185
PT591	2.892935991	2.954489946	2.68849802	2.700638056	6.789954185
PT566	2.892935991	2.954489946	2.68849802	2.700638056	6.789954185
PT544	2.892935991	2.954489946	2.68849802	2.700638056	6.789954185
PT502	2.892935991	2.954489946	2.68849802	2.700638056	6.789954185
PT417	2.892935991	2.954489946	2.68849802	2.700638056	6.789954185
PT337	2.892935991	2.954489946	2.68849802	2.700638056	6.789954185
PT32	2.892935991	2.954489946	2.68849802	2.700638056	6.789954185
PT23	2.892935991	2.954489946	2.68849802	2.700638056	6.789954185
PT197	2.892935991	2.954489946	2.68849802	2.700638056	6.789954185
PT141	2.892935991	2.954489946	2.68849802	2.700638056	6.789954185
PT306	2.951836109	2.862694979	2.758042097	3.089777946	2.792464018
PT61	2.955811977	8.62296772	8.397713661	2.791501045	2.660770893
PT3	2.955811977	8.62296772	8.397713661	2.791501045	2.660770893
PT242	2.955811977	8.62296772	8.397713661	2.791501045	2.660770893
PT2	2.955811977	8.62296772	8.397713661	2.791501045	2.660770893
PT168	2.996105909	2.963762045	2.843997002	3.145571947	3.23743391
PT474	2.996812105	3.394299984	3.2043221	3.271600008	3.228962898
PT617	3.007956982	2.76048708	2.86766696	2.477150917	2.647059917
PT68	3.03533411	2.659895897	2.675843954	2.785902977	2.722857952
PT448	3.03533411	2.659895897	2.675843954	2.785902977	2.722857952
PT44	3.03533411	2.659895897	2.675843954	2.785902977	2.722857952
PT109	3.03533411	2.659895897	2.675843954	2.785902977	2.722857952
PT456	3.040591002	2.656316042	2.600492001	2.939151049	2.909830093
PT353	3.041882992	4.301592827	5.569279194	4.431903839	2.523762941
PT413	3.043618917	3.446903944	3.276252985	3.240883112	3.561522007
PT43	3.060317039	3.205688	3.089436054	3.285631895	3.118120909
PT33	3.14366293	3.212213993	4.458384991	3.183331966	2.980341911
PT471	3.157865047	3.815254927	3.850735903	3.400005102	3.260169029
PT432	3.157865047	3.815254927	3.850735903	3.400005102	3.260169029
PT119	3.157865047	3.815254927	3.850735903	3.400005102	3.260169029
PT536	3.179747105	3.63568306	3.519412041	3.207999945	3.240190029
PT212	3.183572054	3.359453917	3.335143089	3.030776978	3.124298096
PT87	3.197043896	2.997189999	3.434582949	3.548408031	4.843181133
PT514	3.208209038	3.40519309	3.323096037	3.186999083	3.193520069
PT534	3.221085072	4.358767986	3.106637955	3.179438114	3.346638918
PT568	3.22459507	3.44658494	3.33465004	3.583333969	3.168248892
PT204	3.227474928	7.494384766	3.802845001	7.618181229	6.425488949
PT177	3.238859892	3.189501047	3.064145088	3.314888	3.320869923
PT287	3.239202976	3.191718102	3.300318003	3.353328943	6.184436798
PT369	3.315288067	3.426824093	3.686547995	3.293730021	3.180022955
PT462	3.318114042	3.347084999	3.172523022	3.496300936	3.221731901
PT606	3.318483114	3.497973919	3.326298952	3.428033113	8.562389
PT305	3.33814311	3.266144037	3.338542938	3.428033113	3.41159296
PT342	3.346683979	3.407175064	3.872947931	3.480988026	3.408915997
PT131	3.355951071	3.330077887	3.983083963	3.664923906	3.562382936
PT357	3.36826992	3.174263954	3.704478979	3.715058088	3.221731901
PT434	3.452975035	3.107028961	3.345313072	3.171739101	3.016993999
PT576	3.484993935	3.494537115	3.602113962	3.693325043	3.182683945
PT467	3.484993935	3.494537115	3.602113962	3.693325043	3.182683945
PT465	3.484993935	3.494537115	3.602113962	3.693325043	3.182683945
PT639	3.489119053	3.335738897	3.574604988	3.389070988	3.528562069
PT307	3.499294996	3.428854942	3.557821035	3.573074102	3.288645029
PT393	3.539262056	3.496361017	3.466085911	3.679718018	3.280683994
PT160	3.567606926	3.717119932	3.691505909	3.67969799	3.724256039
PT73	3.609622002	3.794670105	3.296437025	3.428033113	13.38794
PT271	3.652509928	3.825103998	3.686979055	3.839076996	3.893244028
PT57	3.666696072	2.911166906	2.988472939	4.264498234	14.659784
PT537	3.73102808	4.408145905	4.481613159	3.974746943	3.292579889
PT26	3.732594013	5.275730133	6.247999191	3.302194118	5.710449219
PT214	3.732594013	5.275730133	6.247999191	3.302194118	5.710449219
PT180	3.732594013	5.275730133	6.247999191	3.302194118	5.710449219
PT156	3.732594013	5.275730133	6.247999191	3.302194118	5.710449219
PT99	3.739948988	3.754569054	4.056372166	4.061769009	3.764590979
PT14	3.746304035	4.055959225	4.099730015	3.999509096	3.925363064
PT31	3.776247978	3.848381996	4.000699043	3.591892958	3.527384043
PT237	3.79359293	3.124380112	3.454998016	3.530930042	5.522951126
PT667	3.79440403	2.865231991	3.415261984	5.323708057	3.422698975
PT682	3.869424105	3.778748035	3.573263884	3.557909012	3.582554102
PT641	3.869424105	3.778748035	3.573263884	3.557909012	3.582554102
PT577	3.869424105	3.778748035	3.573263884	3.557909012	3.582554102
PT170	3.901320934	3.953159094	4.474885941	4.083910942	4.065759182
PT565	3.980073929	4.136799812	4.243350983	4.086810112	4.100016117
PT60	3.988070965	3.789050102	4.015107155	4.452673912	3.57554698
PT645	4.041110039	4.095253944	4.477490902	3.887480021	5.265775204
PT622	4.041110039	4.095253944	4.477490902	3.887480021	5.265775204
PT473	4.041110039	4.095253944	4.477490902	3.887480021	5.265775204
PT445	4.041110039	4.095253944	4.477490902	3.887480021	5.265775204
PT392	4.041110039	4.095253944	4.477490902	3.887480021	5.265775204
PT339	4.041110039	4.095253944	4.477490902	3.887480021	5.265775204
PT313	4.041110039	4.095253944	4.477490902	3.887480021	5.265775204
PT286	4.041110039	4.095253944	4.477490902	3.887480021	5.265775204
PT27	4.041110039	4.095253944	4.477490902	3.887480021	5.265775204
PT267	4.041110039	4.095253944	4.477490902	3.887480021	5.265775204
PT24	4.041110039	4.095253944	4.477490902	3.887480021	5.265775204
PT213	4.041110039	4.095253944	4.477490902	3.887480021	5.265775204
PT19	4.041110039	4.095253944	4.477490902	3.887480021	5.265775204
PT625	4.047244072	4.537942886	4.593926907	4.4401021	4.19613409
PT676	4.084899902	3.234791994	3.530361891	3.42000103	10.73036575
PT660	4.087403774	3.935094118	3.85867691	4.33987999	4.275857925
PT424	4.102947235	6.067052841	9.224993706	5.917671204	8.923901558
PT135	4.124774933	4.636133194	4.620820999	4.573162079	4.701240063
PT408	4.129714966	3.519828081	3.91287899	3.369854927	5.057236195
PT561	4.133477211	3.818145037	4.129666805	4.118374825	4.075446129
PT670	4.165681839	3.931376934	3.604862928	3.881288052	4.715643883
PT646	4.178187847	7.165614128	6.413208008	5.483060837	6.91629982
PT493	4.178187847	7.165614128	6.413208008	5.483060837	6.91629982
PT41	4.178187847	7.165614128	6.413208008	5.483060837	6.91629982
PT399	4.178187847	7.165614128	6.413208008	5.483060837	6.91629982
PT383	4.178187847	7.165614128	6.413208008	5.483060837	6.91629982
PT376	4.178187847	7.165614128	6.413208008	5.483060837	6.91629982
PT346	4.178187847	7.165614128	6.413208008	5.483060837	6.91629982
PT291	4.178187847	7.165614128	6.413208008	5.483060837	6.91629982
PT282	4.178187847	7.165614128	6.413208008	5.483060837	6.91629982
PT278	4.178187847	7.165614128	6.413208008	5.483060837	6.91629982
PT200	4.178187847	7.165614128	6.413208008	5.483060837	6.91629982
PT158	4.178187847	7.165614128	6.413208008	5.483060837	6.91629982
PT138	4.178187847	7.165614128	6.413208008	5.483060837	6.91629982
PT91	4.182291031	4.969974041	4.077874184	4.656052113	3.937182903
PT35	4.182291031	4.969974041	4.077874184	4.656052113	3.937182903
PT143	4.182291031	4.969974041	4.077874184	4.656052113	3.937182903
PT1	4.182291031	4.969974041	4.077874184	4.656052113	3.937182903
PT640	4.242612839	6.931241989	6.452507973	4.900396824	7.562521935
PT470	4.242612839	6.931241989	6.452507973	4.900396824	7.562521935
PT461	4.242612839	6.931241989	6.452507973	4.900396824	7.562521935
PT440	4.242612839	6.931241989	6.452507973	4.900396824	7.562521935
PT423	4.242612839	6.931241989	6.452507973	4.900396824	7.562521935
PT351	4.242612839	6.931241989	6.452507973	4.900396824	7.562521935
PT336	4.242612839	6.931241989	6.452507973	4.900396824	7.562521935
PT317	4.242612839	6.931241989	6.452507973	4.900396824	7.562521935
PT134	4.242612839	6.931241989	6.452507973	4.900396824	7.562521935
PT121	4.242612839	6.931241989	6.452507973	4.900396824	7.562521935
PT368	4.264195919	3.931380987	4.07455492	4.108133793	4.143023014
PT654	4.271264076	2.847189903	4.454244137	3.169007063	4.067011833
PT605	4.271264076	2.847189903	4.454244137	3.169007063	4.067011833
PT578	4.271264076	2.847189903	4.454244137	3.169007063	4.067011833
PT547	4.271264076	2.847189903	4.454244137	3.169007063	4.067011833
PT545	4.271264076	2.847189903	4.454244137	3.169007063	4.067011833
PT372	4.271264076	2.847189903	4.454244137	3.169007063	4.067011833
PT341	4.271264076	2.847189903	4.454244137	3.169007063	4.067011833
PT281	4.271264076	2.847189903	4.454244137	3.169007063	4.067011833
PT219	4.271264076	2.847189903	4.454244137	3.169007063	4.067011833
PT17	4.271264076	2.847189903	4.454244137	3.169007063	4.067011833
PT293	4.272781849	4.531288147	4.325697899	4.500648022	4.768393993
PT69	4.299386024	8.24950695	3.512254	4.753629208	2.939953089
PT275	4.299386024	8.24950695	3.512254	4.753629208	2.939953089
PT221	4.299386024	8.24950695	3.512254	4.753629208	2.939953089
PT146	4.299386024	8.24950695	3.512254	4.753629208	2.939953089
PT83	4.32094717	3.861076117	3.296086073	4.5844841	4.150344849
PT409	4.321201801	4.233413219	4.841781139	4.405344009	4.361332893
PT303	4.324716091	3.742105961	3.408385038	4.407888889	4.353127003
PT584	4.328693867	4.308934212	3.378355026	3.933841944	8.832135201
PT447	4.343861103	4.399419785	4.577995777	4.652799129	4.432478905
PT674	4.345860958	4.356883049	4.501904011	4.515824795	4.446231842
PT476	4.377781868	6.292998791	5.164886951	5.980860233	6.795244217
PT400	4.386428833	4.253518105	5.014472961	4.719851971	7.013494015
PT16	4.400929928	6.68859911	4.65845108	4.577906132	5.809552193
PT483	4.444803238	4.543591976	4.795569897	4.467871189	4.582722187
PT254	4.448237896	5.099562168	7.548247814	4.20630312	5.241064072
PT232	4.490173817	4.335678101	5.011483192	4.682863235	5.18146801
PT81	4.508862019	3.802721977	4.053273201	4.451900005	4.810459137
PT686	4.508862019	3.802721977	4.053273201	4.451900005	4.810459137
PT644	4.508862019	3.802721977	4.053273201	4.451900005	4.810459137
PT62	4.508862019	3.802721977	4.053273201	4.451900005	4.810459137
PT572	4.508862019	3.802721977	4.053273201	4.451900005	4.810459137
PT478	4.508862019	3.802721977	4.053273201	4.451900005	4.810459137
PT439	4.508862019	3.802721977	4.053273201	4.451900005	4.810459137
PT323	4.508862019	3.802721977	4.053273201	4.451900005	4.810459137
PT28	4.508862019	3.802721977	4.053273201	4.451900005	4.810459137
PT264	4.508862019	3.802721977	4.053273201	4.451900005	4.810459137
PT263	4.508862019	3.802721977	4.053273201	4.451900005	4.810459137
PT198	4.508862019	3.802721977	4.053273201	4.451900005	4.810459137
PT164	4.508862019	3.802721977	4.053273201	4.451900005	4.810459137
PT140	4.508862019	3.802721977	4.053273201	4.451900005	4.810459137
PT388	4.554959774	5.220768929	4.624492168	5.762060165	5.584896088
PT437	4.557250023	4.110448837	3.831818104	4.741200924	3.952853918
PT558	4.572168827	4.74408102	4.250778198	4.796811104	4.238871098
PT245	4.600886822	4.471253872	4.542121887	4.792448997	4.424267769
PT274	4.606295109	5.026823997	3.532031059	3.895744085	3.991669893
PT373	4.675476074	4.835632801	4.847931862	4.560103893	8.177324295
PT296	4.681218147	3.603279114	3.429231882	3.887480021	3.422698975
PT210	4.742784977	4.793438911	4.78499794	4.621992111	5.40726614
PT583	4.746560097	4.36807394	4.774815083	4.970159054	4.677124977
PT523	4.747612	4.197096825	3.983083963	4.170556068	7.475080013
PT546	4.845586777	5.02844286	4.783505917	4.806250095	4.687323093
PT97	4.916848183	5.17986393	4.132159233	3.967118025	4.331549168
PT597	4.925644875	5.58723402	7.003726006	4.951497078	5.732921124
PT375	4.929265022	3.991930008	4.343788147	5.211353779	4.094391823
PT255	4.964881897	4.982909203	5.327829838	5.013023853	5.308499813
PT611	4.965548038	4.437178135	3.982283115	7.092175961	5.121036053
PT316	4.982408047	5.613554955	5.086984158	5.498620987	8.30232811
PT427	4.994122028	5.568658829	5.95716095	5.825572014	4.78606987
PT401	5.015172005	5.433097839	5.383458138	5.304945946	4.823204041
PT433	5.019751072	5.185110092	5.253779888	4.884434223	5.265004158
PT39	5.021389961	4.249818802	4.511086941	4.6822052	5.78079319
PT380	5.040896893	4.945149899	5.348158836	5.415387154	8.457878
PT491	5.048480034	5.049611092	5.331592083	5.12519598	5.310618877
PT186	5.05643177	4.627894878	4.129666805	4.215164185	4.75398016
PT442	5.064350128	5.180637836	5.723879814	5.222919941	7.378094196
PT430	5.078927994	6.485650063	5.280097961	5.656569958	4.595153809
PT185	5.080174923	6.346608162	5.086052895	2.447632074	3.277743101
PT550	5.085347176	5.050240993	5.35179615	5.468512058	5.01967001
PT626	5.106012821	5.054475784	5.109836102	5.524287224	5.031311989
PT279	5.120238781	4.949976921	4.644728184	5.360788822	5.248305798
PT509	5.122264862	4.6038661	5.12536478	4.69256115	7.642774105
PT334	5.173241138	5.456478119	5.34938097	5.428866863	5.022093773
PT189	5.197487831	5.134015083	5.443236828	5.368391037	5.119203091
PT190	5.215572834	5.652593136	5.426799774	5.882453918	5.138401985
PT159	5.244443893	7.948873997	7.170041084	6.846560001	8.293117523
PT510	5.24941206	4.874528885	4.340137005	4.872312069	4.973297119
PT92	5.251958847	5.534985065	5.39958477	5.818952084	5.202691078
PT89	5.251958847	5.534985065	5.39958477	5.818952084	5.202691078
PT191	5.251958847	5.534985065	5.39958477	5.818952084	5.202691078
PT152	5.251958847	5.534985065	5.39958477	5.818952084	5.202691078
PT273	5.256409168	6.693889141	7.525444984	5.053442955	6.697442055
PT387	5.305045128	5.014830112	5.454140186	5.245862007	5.210640907
PT104	5.327964783	5.214734077	5.311663151	5.460969925	5.249519825
PT381	5.331016064	5.740180016	8.339152336	7.585755825	5.285988808
PT532	5.36102581	5.307377815	5.273880005	5.291844845	5.064832211
PT302	5.366425037	8.109548569	7.980102062	7.152132034	3.816560984
PT637	5.389597893	5.246756077	5.182384014	5.459088802	5.214903831
PT458	5.445487976	3.538747072	3.833899975	3.774775982	3.766314983
PT280	5.449678898	4.865231037	4.541172028	4.680037022	4.923490047
PT663	5.57459116	5.598139763	5.569279194	5.684161186	1.2356598
PT589	5.57459116	2.45787698	5.569279194	5.684161186	5.710388184
PT312	5.57459116	5.598139763	5.569279194	5.684161186	5.710388184
PT325	5.596473217	5.738097191	5.661437988	5.740644932	5.780578136
PT153	5.59649086	6.917806149	5.652050972	5.35174799	6.060970783
PT492	5.620439053	5.977694035	6.263731003	6.07504797	5.758590221
PT348	5.679883957	4.17098999	5.589838982	6.346567154	5.418385983
PT562	5.686097145	5.388185024	5.173060894	5.490808964	5.177481174
PT621	5.705842018	5.055267811	5.6684618	7.943871021	5.838696003
PT174	5.737689972	6.066894054	6.513896942	6.218781948	5.635107994
PT657	5.747369766	5.119794846	5.296364784	4.876593113	5.24993515
PT13	5.770410061	6.145605087	5.590794086	5.687392235	5.35967207
PT49	5.813704014	5.646840096	6.024119854	5.69268322	15.4789
PT454	5.817119122	6.366113186	6.842623234	5.440010071	5.898715019
PT178	5.831277847	4.764247894	5.211434841	5.598761082	4.812351227
PT345	5.838126183	5.558392048	5.814280987	5.8515172	5.926839828
PT675	5.84820509	6.798233986	5.406526089	7.827814102	6.084486008
PT21	5.879961014	6.086275101	5.919645786	5.918361187	5.702920914
PT333	5.88860321	5.941363811	6.087484837	6.177159786	5.737575054
PT685	5.942144871	5.057777882	6.332624912	7.203267097	4.749040127
PT329	5.961244106	6.149240017	6.079489231	6.048036098	5.965239048
PT406	5.977296829	4.847027779	5.268400192	4.955315113	5.113094807
PT655	5.97902298	7.762475967	8.239049911	7.289604187	4.862689018
PT355	5.989770889	7.361234188	6.062469006	7.529966831	6.041924
PT335	5.998219013	6.514520168	6.333167076	6.416313171	6.35123682
PT521	6.081652164	6.379943848	6.067094803	6.599082947	6.303039074
PT175	6.088494778	6.177093029	6.610796928	7.362304211	7.464187145
PT226	6.111855984	6.371041775	6.061645031	6.038557053	6.139027119
PT202	6.111855984	6.371041775	6.061645031	6.038557053	6.139027119
PT199	6.111855984	6.371041775	6.061645031	6.038557053	6.139027119
PT105	6.111855984	6.371041775	6.061645031	6.038557053	6.139027119
PT516	6.118154049	5.975096226	6.257332802	6.049734116	5.882019043
PT53	6.119327068	5.065308094	5.844466209	4.915113926	5.37194109
PT397	6.127855778	6.562726021	6.406343937	7.348856926	4.850870132
PT482	6.189601898	6.393163204	6.060564995	6.700316906	6.521700859
PT419	6.252884865	5.524377823	5.509788036	5.227758884	6.993524075
PT619	6.342270851	6.246907234	6.154480934	6.065015793	7.201554775
PT421	6.389433861	6.826641083	5.586727142	6.413657188	6.955184937
PT157	6.408308983	6.23268795	5.741226196	5.890536785	6.370614052
PT519	6.447822094	6.827408791	6.842621803	6.45480299	6.044545174
PT84	6.473128796	6.552235126	6.271489143	5.409152985	6.381474972
PT45	6.513319016	5.203509808	5.130692005	6.978521824	7.980587006
PT229	6.516539097	6.272108078	5.667312145	5.252055168	8.024445534
PT522	6.519989014	7.281663895	7.256237984	6.775868893	7.225282192
PT507	6.523441792	6.133061886	6.142167091	6.650817871	5.377017021
PT499	6.55967617	5.579903126	5.88348484	5.272994041	5.94785881
PT90	6.574985027	6.653920174	6.668928146	6.183598995	6.324216843
PT86	6.574985027	6.653920174	6.668928146	6.183598995	6.324216843
PT74	6.574985027	6.653920174	6.668928146	6.183598995	6.324216843
PT664	6.574985027	6.653920174	6.668928146	6.183598995	6.324216843
PT627	6.574985027	6.653920174	6.668928146	6.183598995	6.324216843
PT614	6.574985027	6.653920174	6.668928146	6.183598995	6.324216843
PT531	6.574985027	6.653920174	6.668928146	6.183598995	6.324216843
PT508	6.574985027	6.653920174	6.668928146	6.183598995	6.324216843
PT46	6.574985027	6.653920174	6.668928146	6.183598995	6.324216843
PT377	6.574985027	6.653920174	6.668928146	6.183598995	6.324216843
PT241	6.574985027	6.653920174	6.668928146	6.183598995	6.324216843
PT162	6.574985027	6.653920174	6.668928146	6.183598995	6.324216843
PT139	6.574985027	6.653920174	6.668928146	6.183598995	6.324216843
PT218	6.585989952	5.948237896	6.45037508	6.058906078	6.184596062
PT9	6.592672825	6.934557915	5.117819786	5.633612156	6.463499069
PT624	6.592672825	6.934557915	5.117819786	5.633612156	6.463499069
PT564	6.592672825	6.934557915	5.117819786	5.633612156	6.463499069
PT460	6.592672825	6.934557915	5.117819786	5.633612156	6.463499069
PT370	6.592672825	6.934557915	5.117819786	5.633612156	6.463499069
PT358	6.592672825	6.934557915	5.117819786	5.633612156	6.463499069
PT338	6.592672825	6.934557915	5.117819786	5.633612156	6.463499069
PT318	6.592672825	6.934557915	5.117819786	5.633612156	6.463499069
PT285	6.592672825	6.934557915	5.117819786	5.633612156	6.463499069
PT269	6.592672825	6.934557915	5.117819786	5.633612156	6.463499069
PT252	6.592672825	6.934557915	5.117819786	5.633612156	6.463499069
PT194	6.592672825	6.934557915	5.117819786	5.633612156	6.463499069
PT148	6.592672825	6.934557915	5.117819786	5.633612156	6.463499069
PT129	6.60930109	8.241859436	7.727737904	7.144186974	8.777600288
PT58	6.612887859	5.723038197	5.296163082	5.328667164	7.862351894
PT308	6.664012909	7.335684776	6.080450058	6.821737766	6.182716846
PT666	6.708025932	6.537435055	6.216125011	6.215376854	6.828450203
PT529	6.708025932	6.537435055	6.216125011	6.215376854	6.828450203
PT505	6.708025932	6.537435055	6.216125011	6.215376854	6.828450203
PT436	6.708025932	6.537435055	6.216125011	6.215376854	6.828450203
PT37	6.708025932	6.537435055	6.216125011	6.215376854	6.828450203
PT340	6.708025932	6.537435055	6.216125011	6.215376854	6.828450203
PT257	6.708025932	6.537435055	6.216125011	6.215376854	6.828450203
PT206	6.708025932	6.537435055	6.216125011	6.215376854	6.828450203
PT192	6.708025932	6.537435055	6.216125011	6.215376854	6.828450203
PT188	6.708025932	6.537435055	6.216125011	6.215376854	6.828450203
PT173	6.708025932	6.537435055	6.216125011	6.215376854	6.828450203
PT161	6.708025932	6.537435055	6.216125011	6.215376854	6.828450203
PT145	6.708025932	6.537435055	6.216125011	6.215376854	6.828450203
PT327	6.710523129	7.366437912	7.469822884	7.205977917	8.39033699
PT487	6.788715839	6.458034992	6.11022377	6.8291049	7.228722095
PT249	6.840743065	6.798872948	5.815501213	6.068304062	6.545545101
PT297	6.856561184	8.82490921	8.336211205	5.459060192	6.998355865
PT114	6.888901234	6.844042778	6.722754955	6.934555054	16.88795
PT449	6.901155949	6.413267136	6.296913147	6.805854797	6.693182945
PT628	6.910943985	6.755381107	6.775661945	6.896759987	6.477025986
PT631	6.920630932	6.151268005	6.093163013	5.595273018	8.258722305
PT243	6.925837994	5.454926014	6.160058975	6.135659218	5.50034523
PT364	6.930362225	7.079575062	6.499528885	6.511685848	7.418066025
PT596	6.939572811	6.434041977	6.242866993	6.250709057	5.920735836
PT386	6.940211773	6.412121773	4.936989784	6.258575916	6.042096138
PT428	6.941296101	5.602987766	5.861042976	5.94050312	5.798902988
PT103	6.964134216	8.207183838	8.978197098	7.218369007	7.527522087
PT389	6.982550144	6.396914005	7.453163147	6.872057915	6.722211838
PT580	7.012639046	6.655008793	6.542528152	6.824950218	6.238633156
PT414	7.019889832	6.412062168	6.401784897	8.703746796	7.013510227
PT446	7.059277058	8.481274605	7.930676937	8.504200935	7.498115063
PT638	7.065928936	7.467335224	6.922636032	8.295986176	7.099915981
PT295	7.083735943	5.021366119	4.811732769	4.920351028	7.678536892
PT112	7.123011112	6.980751991	7.022771835	6.781143188	6.587050915
PT593	7.134852886	6.658131123	7.777304173	7.916234016	6.465984821
PT124	7.228943825	7.845716	7.916560173	6.997288227	7.66865015
PT524	7.241250038	6.420022964	6.508788109	6.542677879	7.863185883
PT88	7.245634079	7.623198032	6.971864223	6.59952879	7.474907875
PT7	7.245634079	7.623198032	6.971864223	6.59952879	7.474907875
PT630	7.245634079	7.623198032	6.971864223	6.59952879	7.474907875
PT571	7.245634079	7.623198032	6.971864223	6.59952879	7.474907875
PT512	7.245634079	7.623198032	6.971864223	6.59952879	7.474907875
PT451	7.245634079	7.623198032	6.971864223	6.59952879	7.474907875
PT371	7.245634079	7.623198032	6.971864223	6.59952879	7.474907875
PT328	7.245634079	7.623198032	6.971864223	6.59952879	7.474907875
PT319	7.245634079	7.623198032	6.971864223	6.59952879	7.474907875
PT247	7.245634079	7.623198032	6.971864223	6.59952879	7.474907875
PT196	7.245634079	7.623198032	6.971864223	6.59952879	7.474907875
PT183	7.245634079	7.623198032	6.971864223	6.59952879	7.474907875
PT132	7.245634079	7.623198032	6.971864223	6.59952879	7.474907875
PT656	7.286859989	6.122223854	7.553510189	7.588110924	6.491429806
PT72	7.290533066	6.740880013	7.742444038	8.459838867	17.269
PT405	7.30960989	6.458741188	7.534204006	6.323186874	6.727807999
PT362	7.346464157	6.80960989	6.677504063	7.135043144	6.318282127
PT4	7.375750065	7.63710022	5.9817729	6.707547188	7.380980015
PT50	7.376642227	8.733785629	9.12935257	7.792082787	13.248745
PT455	7.449563026	8.568829536	8.300704956	7.43860817	8.032987595
PT618	7.461789131	7.195121765	7.073843002	7.731328011	6.985006809
PT623	7.499147892	7.363259792	6.988302231	7.139711857	7.512127876
PT541	7.528392792	6.881206036	6.095571995	6.603950977	6.641283989
PT684	7.57800293	10.33850574	8.383899689	8.217750549	9.422083855
PT681	7.57800293	10.33850574	8.383899689	8.217750549	9.422083855
PT636	7.57800293	10.33850574	8.383899689	8.217750549	9.422083855
PT595	7.57800293	10.33850574	8.383899689	8.217750549	9.422083855
PT420	7.57800293	10.33850574	8.383899689	8.217750549	9.422083855
PT418	7.57800293	10.33850574	8.383899689	8.217750549	9.422083855
PT374	7.57800293	10.33850574	8.383899689	8.217750549	9.422083855
PT270	7.57800293	10.33850574	8.383899689	8.217750549	9.422083855
PT25	7.57800293	10.33850574	8.383899689	8.217750549	9.422083855
PT223	7.57800293	10.33850574	8.383899689	8.217750549	9.422083855
PT201	7.57800293	10.33850574	8.383899689	8.217750549	9.422083855
PT165	7.57800293	10.33850574	8.383899689	8.217750549	9.422083855
PT11	7.57800293	10.33850574	8.383899689	8.217750549	9.422083855
PT107	7.57800293	10.33850574	8.383899689	8.217750549	9.422083855
PT551	7.642331123	8.12288475	6.418447018	7.455328941	6.899003029
PT490	7.705443859	7.167761803	6.271308899	7.989518166	7.009414196
PT354	7.730681896	7.560349941	7.232200146	7.321259022	7.229074001
PT407	7.739282131	7.867897987	7.493749142	7.517799854	7.659851074
PT648	7.753849983	10.69557285	3.964015007	6.695870876	5.366145134
PT504	7.758246899	7.772219181	7.32886982	6.403348923	6.052059174
PT154	7.75911808	7.499853134	7.334842205	7.359611034	7.798288822
PT647	7.813099861	8.259992599	10.2179184	6.060235977	8.896608353
PT680	7.862987995	7.58570385	8.359248161	8.329016685	6.343749046
PT20	7.868944168	7.499898911	6.992016792	7.377583027	7.847299099
PT42	7.873484135	7.941852093	6.877441883	7.519309998	7.173749924
PT244	7.887125015	7.553555965	7.490781784	7.524631977	9.386421204
PT230	7.948984146	8.102009773	7.112024784	7.274341106	7.824069977
PT453	7.967934132	6.705924988	8.295804024	8.406461716	7.38064909
PT634	7.976442814	7.438508987	7.45398283	7.320133209	7.225450993
PT366	7.97726202	7.971119881	7.740952969	7.943583012	7.851347923
PT259	7.998133183	7.590747833	7.313519955	7.506330967	7.297180176
PT233	8.00614357	8.018494606	7.715240002	7.986186981	9.056884766
PT96	8.095137596	7.314115047	8.018451691	8.402927399	8.668470383
PT652	8.095137596	7.314115047	8.018451691	8.402927399	8.668470383
PT65	8.095137596	7.314115047	8.018451691	8.402927399	8.668470383
PT540	8.095137596	7.314115047	8.018451691	8.402927399	8.668470383
PT500	8.095137596	7.314115047	8.018451691	8.402927399	8.668470383
PT412	8.095137596	7.314115047	8.018451691	8.402927399	8.668470383
PT363	8.095137596	7.314115047	8.018451691	8.402927399	8.668470383
PT36	8.095137596	7.314115047	8.018451691	8.402927399	8.668470383
PT350	8.095137596	7.314115047	8.018451691	8.402927399	8.668470383
PT272	8.095137596	7.314115047	8.018451691	8.402927399	8.668470383
PT231	8.095137596	7.314115047	8.018451691	8.402927399	8.668470383
PT222	8.095137596	7.314115047	8.018451691	8.402927399	8.668470383
PT128	8.095137596	7.314115047	8.018451691	8.402927399	8.668470383
PT575	8.107280731	7.804030895	6.757573128	8.2003479	7.872280121
PT496	8.118149757	7.036688805	9.58743	9.923280716	8.947770119
PT133	8.12112236	8.563000679	7.353394985	8.396512032	7.857195854
PT610	8.169283867	10.70136547	9.761230469	10.99195004	10.20736694
PT468	8.1906147	8.331256866	7.67360878	7.738230228	8.754360199
PT93	8.242742538	8.099461555	8.337177277	7.560389042	8.763122559
PT683	8.338875771	2.6874512	6.783244133	8.812112808	8.405905724
PT679	8.338875771	8.044364929	6.783244133	8.812112808	8.405905724
PT225	8.338875771	8.044364929	6.783244133	8.812112808	8.405905724
PT450	8.346866608	9.031023979	9.377998352	8.842529297	7.83325386
PT498	8.359293938	6.949879169	8.055957794	6.938536167	7.626323223
PT503	8.366453171	8.084265709	8.85946846	4.480723858	3.439297915
PT122	8.370639801	8.379635811	8.471128464	8.439670563	9.344870567
PT40	8.384465218	7.214869022	7.733797073	7.632213116	7.30570507
PT382	8.38890934	7.406963825	8.760191917	7.439724922	7.610257149
PT314	8.38890934	7.406963825	8.760191917	7.439724922	7.610257149
PT205	8.38890934	7.406963825	8.760191917	7.439724922	7.610257149
PT472	8.405941963	8.707490921	8.037274361	8.115978241	9.016512871
PT47	8.405944824	6.488519192	6.343619823	8.216752052	6.768410206
PT67	8.41062355	7.600996017	7.166140079	8.193026543	7.237043858
PT385	8.411045074	7.530137062	7.818535805	7.275118828	7.760578156
PT613	8.455225945	3.214578	7.718625069	7.919892788	2.104546
PT452	8.455225945	8.108078957	7.718625069	7.919892788	7.100739002
PT365	8.463306427	7.92013216	8.628587723	7.964365959	9.475458145
PT283	8.482759476	8.237674713	9.246499062	9.423312187	9.09754467
PT246	8.494524002	7.983222961	8.721031189	8.114339828	9.478097916
PT649	8.561386108	8.642481804	8.362819672	8.761301041	8.086622238
PT8	8.565652847	7.963425159	8.758753777	8.933955193	8.51612854
PT554	8.574267387	8.458015442	6.992557049	8.960309029	8.76054287
PT207	8.586746216	6.969401836	7.49729681	6.966273785	8.301065445
PT629	8.593476295	8.745587349	8.344043732	8.800383568	8.307733536
PT542	8.677507401	7.149135113	6.089572906	8.017233849	8.345615387
PT555	8.747590065	9.52066803	8.611963272	8.862628937	9.364080429
PT315	8.84113884	8.836055756	9.605773926	9.975740433	10.39046192
PT396	8.870657921	9.035758972	7.459825039	9.199062347	7.728953838
PT402	8.913636208	9.008536339	9.273097038	8.619585991	8.952770233
PT602	8.944122314	6.319107056	7.619566917	2.566821098	8.262664795
PT579	8.944122314	6.319107056	7.619566917	2.566821098	8.262664795
PT5	8.944122314	6.319107056	7.619566917	2.566821098	8.262664795
PT422	8.944122314	6.319107056	7.619566917	2.566821098	8.262664795
PT411	8.944122314	6.319107056	7.619566917	2.566821098	8.262664795
PT326	8.944122314	6.319107056	7.619566917	2.566821098	8.262664795
PT301	8.944122314	6.319107056	7.619566917	2.566821098	8.262664795
PT18	8.944122314	6.319107056	7.619566917	2.566821098	8.262664795
PT144	8.944122314	6.319107056	7.619566917	2.566821098	8.262664795
PT123	8.944122314	6.319107056	7.619566917	2.566821098	8.262664795
PT262	8.973240852	8.665258408	7.002474785	7.604746819	7.037546158
PT234	8.973240852	8.665258408	7.002474785	7.604746819	7.037546158
PT163	8.973240852	8.665258408	7.002474785	7.604746819	7.037546158
PT126	8.973240852	8.665258408	7.002474785	7.604746819	7.037546158
PT294	8.980546951	8.47647953	7.394509792	8.853033066	8.711166382
PT94	8.992864609	8.718209267	7.534176826	8.715691566	9.705796242
PT410	9.056728363	9.616287231	10.47799683	10.96687698	11.00043678
PT48	9.067313194	8.341178894	8.404069901	8.631505966	9.163789749
PT552	9.070953369	8.121789932	8.229304314	9.045228958	8.306531906
PT356	9.097089767	8.231093407	8.598136902	8.898033142	8.66091156
PT360	9.119704247	6.588027954	7.013380051	7.131978989	7.568957806
PT208	9.134916306	6.576035023	7.843751907	4.463389874	8.284683228
PT378	9.176006317	8.478721619	8.788439751	8.303453445	8.004392624
PT457	9.182683945	8.644039154	10.58192062	8.839956284	10.79464817
PT30	9.221766472	7.63888979	7.047233105	7.674313068	6.497261047
PT216	9.221766472	7.63888979	7.047233105	7.674313068	6.497261047
PT171	9.221766472	7.63888979	7.047233105	7.674313068	6.497261047
PT137	9.221766472	7.63888979	7.047233105	7.674313068	6.497261047
PT557	9.271512985	8.972501755	7.585786819	8.769133568	8.406140327
PT633	9.32022953	9.011601448	9.920853615	10.10968781	9.679566383
PT59	9.334058762	7.643070221	8.838985443	7.70755291	8.427775383
PT607	9.349899292	8.987376213	8.783190727	9.057715416	2.03124545
PT469	9.349899292	8.987376213	8.783190727	9.057715416	8.491309166
PT367	9.349899292	8.987376213	8.783190727	9.057715416	8.491309166
PT75	9.431214333	8.220092773	8.610362053	8.735117912	9.81020546
PT672	9.431214333	8.220092773	8.610362053	8.735117912	9.81020546
PT662	9.431214333	8.220092773	8.610362053	8.735117912	9.81020546
PT612	9.431214333	8.220092773	8.610362053	8.735117912	9.81020546
PT609	9.431214333	8.220092773	8.610362053	8.735117912	9.81020546
PT55	9.431214333	8.220092773	8.610362053	8.735117912	9.81020546
PT477	9.431214333	8.220092773	8.610362053	8.735117912	9.81020546
PT463	9.431214333	8.220092773	8.610362053	8.735117912	9.81020546
PT268	9.431214333	8.220092773	8.610362053	8.735117912	9.81020546
PT253	9.431214333	8.220092773	8.610362053	8.735117912	9.81020546
PT172	9.431214333	8.220092773	8.610362053	8.735117912	9.81020546
PT167	9.431214333	8.220092773	8.610362053	8.735117912	9.81020546
PT147	9.431214333	8.220092773	8.610362053	8.735117912	9.81020546
PT501	9.498401642	9.474734306	9.630657196	9.995294571	10.04954147
PT632	9.527332306	8.943704605	7.782132149	8.816081047	8.345698357
PT77	9.670150757	9.11902523	8.103449821	7.598248005	7.420526028
PT290	9.728258133	9.369709015	8.840695381	7.878650188	7.68447113
PT136	9.777105331	10.38547325	10.03760433	10.73795128	10.3327179
PT549	9.804361343	10.39140987	9.091925621	10.02278614	10.29206181
PT379	9.860975266	9.992835999	8.011412621	9.768022537	11.33268833
PT300	9.864551544	9.322099686	8.803038597	9.360224724	9.590698242
PT344	9.86815834	9.207832336	10.07783031	10.15729046	10.0464344
PT265	9.925801277	10.10313129	9.484835625	9.644712448	9.929471016
PT497	9.981630325	9.120950699	9.707036972	9.203557968	9.203447342
PT661	9.990556717	10.47686005	9.999625206	10.82180214	10.29629993
PT517	10.02833939	9.371481895	9.675632477	9.720600128	10.65500546
PT525	10.13272667	9.730335236	9.047780037	10.06519222	9.230960846
PT495	10.18341541	9.216333389	9.713017464	9.516677856	10.06891441
PT176	10.28419685	10.66685009	9.882797241	11.82322884	10.15596581
PT574	10.29001713	9.655600548	9.199803352	9.669034958	9.504313469
PT526	10.30704975	9.798557281	10.69062996	9.888719559	10.03707314
PT599	10.32042217	9.802205086	10.14125919	8.512031555	9.619117737
PT390	10.33803177	9.928138733	9.451693535	10.05685616	10.27083206
PT435	10.45099831	9.849804878	10.73214912	9.912908554	10.0467062
PT678	10.53883076	4.257526875	4.254830837	3.946804047	4.238299847
PT653	10.63200188	10.09800339	8.054888725	10.78867626	9.113965988
PT530	10.71230125	4.731478214	5.7907691	11.41903782	12.70681953
PT573	10.78006363	9.123160362	7.797856808	7.565282822	9.354862213
PT511	10.85694981	10.70381546	10.16383553	10.64643002	10.24763584
PT266	10.96803665	10.99308205	11.58053398	11.6703949	11.64057732
PT276	10.99281216	8.632739067	9.162888527	10.12923813	9.902227402
PT528	11.18606377	10.76246262	10.38791656	10.34941864	9.955251694
PT292	11.19342136	10.53066254	10.65970039	10.99771118	9.812933922
PT239	11.19413376	10.81457615	11.12526321	11.01144695	10.43356705
PT56	11.39718723	11.27219772	10.5845108	10.29202843	9.888828278
PT220	11.53009129	11.49673939	10.86740971	11.10948658	10.03265285
PT643	11.59274292	11.30996609	10.95139313	10.74875927	10.58797741
PT582	11.63300896	11.69618702	11.65909767	11.93078613	11.87315845
PT85	11.79549789	11.86504555	11.58807945	11.22548485	11.11374569
PT553	11.81604385	11.51670074	11.20122719	11.30335426	10.2647934
PT71	11.9284668	11.66281891	10.67658234	11.06565285	9.626797676
PT533	11.9284668	11.66281891	10.67658234	11.06565285	9.626797676
PT459	11.9284668	11.66281891	10.67658234	11.06565285	9.626797676
PT444	11.9284668	11.66281891	10.67658234	11.06565285	9.626797676
PT384	11.9284668	11.66281891	10.67658234	11.06565285	9.626797676
PT347	11.9284668	11.66281891	10.67658234	11.06565285	9.626797676
PT299	11.9284668	11.66281891	10.67658234	11.06565285	9.626797676
PT227	11.9284668	11.66281891	10.67658234	11.06565285	9.626797676
PT209	11.9284668	11.66281891	10.67658234	11.06565285	9.626797676
PT142	11.9284668	11.66281891	10.67658234	11.06565285	9.626797676
PT116	12.00323105	11.39729786	11.45032883	11.87463284	12.05291176
PT111	12.1100893	12.39378548	12.29493713	12.78076363	11.65722084
PT543	12.16405487	11.33637428	10.70485878	11.27703094	11.53150368
PT256	12.22257137	11.28814697	10.80518341	11.34653378	11.58582687
PT309	12.30436611	12.37440395	12.13428974	12.29501247	12.50427246
PT416	12.42609596	11.57967567	11.0050211	11.59752941	11.76177788
PT486	12.46476269	11.98808098	12.18627834	11.6068306	12.55954266
PT570	12.55733013	12.09854698	12.27320004	11.67430115	12.62330246
PT224	12.64013767	13.13347054	13.05091572	13.24730301	12.41334534
PT250	12.72204113	12.47672653	12.16717911	12.29062462	12.0983839
PT592	13.21381283	13.35027313	13.05727386	13.22455597	12.94338894
PT650	13.23045063	3.3325478	13.07134342	13.22026634	12.92998314
PT443	13.23045063	13.33637333	13.07134342	13.22026634	12.92998314
PT284	13.23045063	6.3256589	13.07134342	13.22026634	12.92998314
PT567	13.23199844	13.08513069	12.55782223	12.81710243	12.60038376
PT426	13.23568	3.762799978	3.624205112	3.608063936	6.672945023
PT311	13.24578	2.473335028	6.774587154	2.838285923	16.730456
PT556	13.24589	2.513582945	2.575890064	2.408792973	12.2456
PT598	13.28996277	12.96212673	12.63758373	12.77475739	12.47624016
PT518	13.3568	3.316484928	3.390815973	3.660058022	3.499376059
PT588	13.36760044	13.61610031	13.3853302	13.49470329	13.43714333
PT669	13.45678	3.100121975	3.246984959	3.41770792	14.02356
PT665	13.61742973	13.77052116	13.62943935	13.66825581	13.65626144
PT169	14.00883675	13.94051361	13.87995243	13.96425724	13.83033752
PT80	14.32869387	-1.103085995	-2.546836853	0.572057915	3.361105919
PT515	14.32869387	-1.103085995	-2.546836853	0.572057915	3.361105919
PT513	14.32869387	-1.103085995	-2.546836853	0.572057915	3.361105919
PT489	14.32869387	-1.103085995	-2.546836853	0.572057915	3.361105919
PT479	14.32869387	-1.103085995	-2.546836853	0.572057915	3.361105919
PT361	14.32869387	-1.103085995	-2.546836853	0.572057915	3.361105919
PT349	14.32869387	-1.103085995	-2.546836853	0.572057915	3.361105919
PT261	14.32869387	-1.103085995	-2.546836853	0.572057915	3.361105919
PT248	14.32869387	-1.103085995	-2.546836853	0.572057915	3.361105919
PT238	14.32869387	-1.103085995	-2.546836853	0.572057915	3.361105919
PT166	14.32869387	-1.103085995	-2.546836853	0.572057915	3.361105919
PT120	14.32869387	-1.103085995	-2.546836853	0.572057915	3.361105919
PT117	14.32869387	-1.103085995	-2.546836853	0.572057915	3.361105919
PT113	14.32869387	-1.103085995	-2.546836853	0.572057915	3.361105919
PT601	14.40098	4.649899006	4.673178196	4.375422955	14.587
PT671	15.032356	3.329073906	4.624155998	4.134188175	10.258
PT673	15.04109097	-3.308576107	-5.94184494	-2.202990818	2.024146557
PT668	15.04109097	-3.308576107	-5.94184494	-2.202990818	2.024146557
PT635	15.04109097	-3.308576107	-5.94184494	-2.202990818	2.024146557
PT539	15.04109097	-3.308576107	-5.94184494	-2.202990818	2.024146557
PT51	15.04109097	-3.308576107	-5.94184494	-2.202990818	2.024146557
PT466	15.04109097	-3.308576107	-5.94184494	-2.202990818	2.024146557
PT415	15.04109097	-3.308576107	-5.94184494	-2.202990818	2.024146557
PT403	15.04109097	-3.308576107	-5.94184494	-2.202990818	2.024146557
PT320	15.04109097	-3.308576107	-5.94184494	-2.202990818	2.024146557
PT304	15.04109097	-3.308576107	-5.94184494	-2.202990818	2.024146557
PT215	15.04109097	-3.308576107	-5.94184494	-2.202990818	2.024146557
PT184	15.04109097	-3.308576107	-5.94184494	-2.202990818	2.024146557
PT127	15.04109097	-3.308576107	-5.94184494	-2.202990818	2.024146557
PT251	15.6478	2.769397974	2.647473097	2.669056892	16.5748
PT22	15.6898	5.22472477	5.538761139	5.630855083	15.804569
PT76	16.98255014	-2.520102978	-4.711253166	-1.724680233	2.619130612
PT677	16.98255014	-2.520102978	-4.711253166	-1.724680233	2.619130612
PT616	16.98255014	-2.520102978	-4.711253166	-1.724680233	2.619130612
PT608	16.98255014	-2.520102978	-4.711253166	-1.724680233	2.619130612
PT604	16.98255014	-2.520102978	-4.711253166	-1.724680233	2.619130612
PT585	16.98255014	-2.520102978	-4.711253166	-1.724680233	2.619130612
PT581	16.98255014	-2.520102978	-4.711253166	-1.724680233	2.619130612
PT506	16.98255014	-2.520102978	-4.711253166	-1.724680233	2.619130612
PT484	16.98255014	-2.520102978	-4.711253166	-1.724680233	2.619130612
PT425	16.98255014	-2.520102978	-4.711253166	-1.724680233	2.619130612
PT398	16.98255014	-2.520102978	-4.711253166	-1.724680233	2.619130612
PT38	16.98255014	-2.520102978	-4.711253166	-1.724680233	2.619130612
PT34	16.98255014	-2.520102978	-4.711253166	-1.724680233	2.619130612
PT310	16.98255014	-2.520102978	-4.711253166	-1.724680233	2.619130612
PT29	16.98255014	-2.520102978	-4.711253166	-1.724680233	2.619130612
PT289	16.98255014	-2.520102978	-4.711253166	-1.724680233	2.619130612
PT288	16.98255014	-2.520102978	-4.711253166	-1.724680233	2.619130612
PT235	16.98255014	-2.520102978	-4.711253166	-1.724680233	2.619130612
PT228	16.98255014	-2.520102978	-4.711253166	-1.724680233	2.619130612
PT217	16.98255014	-2.520102978	-4.711253166	-1.724680233	2.619130612
PT182	16.98255014	-2.520102978	-4.711253166	-1.724680233	2.619130612
PT151	16.98255014	-2.520102978	-4.711253166	-1.724680233	2.619130612
PT149	16.98255014	-2.520102978	-4.711253166	-1.724680233	2.619130612
PT12	16.98255014	-2.520102978	-4.711253166	-1.724680233	2.619130612
PT108	16.98255014	-2.520102978	-4.711253166	-1.724680233	2.619130612
PT106	16.98255014	-2.520102978	-4.711253166	-1.724680233	2.619130612
PT101	16.98255014	-2.520102978	-4.711253166	-1.724680233	2.619130612
PT95	17.12712002	3.75741482	0.39624882	4.52199287	5.083446505
PT79	17.12712002	3.75741482	0.39624882	4.52199287	5.083446505
PT66	17.12712002	3.75741482	0.39624882	4.52199287	5.083446505
PT658	17.12712002	3.75741482	0.39624882	4.52199287	5.083446505
PT651	17.12712002	3.75741482	0.39624882	4.52199287	5.083446505
PT620	17.12712002	3.75741482	0.39624882	4.52199287	5.083446505
PT603	17.12712002	3.75741482	0.39624882	4.52199287	5.083446505
PT594	17.12712002	3.75741482	0.39624882	4.52199287	5.083446505
PT587	17.12712002	3.75741482	0.39624882	4.52199287	5.083446505
PT563	17.12712002	3.75741482	0.39624882	4.52199287	5.083446505
PT559	17.12712002	3.75741482	0.39624882	4.52199287	5.083446505
PT494	17.12712002	3.75741482	0.39624882	4.52199287	5.083446505
PT480	17.12712002	3.75741482	0.39624882	4.52199287	5.083446505
PT438	17.12712002	3.75741482	0.39624882	4.52199287	5.083446505
PT394	17.12712002	3.75741482	0.39624882	4.52199287	5.083446505
PT391	17.12712002	3.75741482	0.39624882	4.52199287	5.083446505
PT352	17.12712002	3.75741482	0.39624882	4.52199287	5.083446505
PT298	17.12712002	3.75741482	0.39624882	4.52199287	5.083446505
PT277	17.12712002	3.75741482	0.39624882	4.52199287	5.083446505
PT260	17.12712002	3.75741482	0.39624882	4.52199287	5.083446505
PT236	17.12712002	3.75741482	0.39624882	4.52199287	5.083446505
PT203	17.12712002	3.75741482	0.39624882	4.52199287	5.083446505
PT179	17.12712002	3.75741482	0.39624882	4.52199287	5.083446505
PT155	17.12712002	3.75741482	0.39624882	4.52199287	5.083446505
PT150	17.12712002	3.75741482	0.39624882	4.52199287	5.083446505
PT15	17.12712002	3.75741482	0.39624882	4.52199287	5.083446505
PT82	21.44360447	-2.838468075	-5.630917072	-1.740051079	2.622644425
PT590	21.44360447	-2.838468075	-5.630917072	-1.740051079	2.622644425
PT569	21.44360447	-2.838468075	-5.630917072	-1.740051079	2.622644425
PT332	21.44360447	-2.838468075	-5.630917072	-1.740051079	2.622644425
PT331	21.44360447	-2.838468075	-5.630917072	-1.740051079	2.622644425
PT330	21.44360447	-2.838468075	-5.630917072	-1.740051079	2.622644425
PT321	21.44360447	-2.838468075	-5.630917072	-1.740051079	2.622644425
PT258	21.44360447	-2.838468075	-5.630917072	-1.740051079	2.622644425
PT240	21.44360447	-2.838468075	-5.630917072	-1.740051079	2.622644425
PT211	21.44360447	-2.838468075	-5.630917072	-1.740051079	2.622644425
PT115	21.44360447	-2.838468075	-5.630917072	-1.740051079	2.622644425
PT110	21.44360447	-2.838468075	-5.630917072	-1.740051079	2.622644425
PT10	21.44360447	-2.838468075	-5.630917072	-1.740051079	2.622644425
					
					
					
